{
 "cells": [
  {
   "cell_type": "code",
   "execution_count": 1,
   "metadata": {},
   "outputs": [],
   "source": [
    "data(iris)"
   ]
  },
  {
   "cell_type": "code",
   "execution_count": 2,
   "metadata": {},
   "outputs": [
    {
     "name": "stdout",
     "output_type": "stream",
     "text": [
      "'data.frame':\t150 obs. of  5 variables:\n",
      " $ Sepal.Length: num  5.1 4.9 4.7 4.6 5 5.4 4.6 5 4.4 4.9 ...\n",
      " $ Sepal.Width : num  3.5 3 3.2 3.1 3.6 3.9 3.4 3.4 2.9 3.1 ...\n",
      " $ Petal.Length: num  1.4 1.4 1.3 1.5 1.4 1.7 1.4 1.5 1.4 1.5 ...\n",
      " $ Petal.Width : num  0.2 0.2 0.2 0.2 0.2 0.4 0.3 0.2 0.2 0.1 ...\n",
      " $ Species     : Factor w/ 3 levels \"setosa\",\"versicolor\",..: 1 1 1 1 1 1 1 1 1 1 ...\n"
     ]
    }
   ],
   "source": [
    "str(iris)"
   ]
  },
  {
   "cell_type": "code",
   "execution_count": 3,
   "metadata": {},
   "outputs": [
    {
     "data": {
      "text/plain": [
       "  Sepal.Length    Sepal.Width     Petal.Length    Petal.Width   \n",
       " Min.   :4.300   Min.   :2.000   Min.   :1.000   Min.   :0.100  \n",
       " 1st Qu.:5.100   1st Qu.:2.800   1st Qu.:1.600   1st Qu.:0.300  \n",
       " Median :5.800   Median :3.000   Median :4.350   Median :1.300  \n",
       " Mean   :5.843   Mean   :3.057   Mean   :3.758   Mean   :1.199  \n",
       " 3rd Qu.:6.400   3rd Qu.:3.300   3rd Qu.:5.100   3rd Qu.:1.800  \n",
       " Max.   :7.900   Max.   :4.400   Max.   :6.900   Max.   :2.500  \n",
       "       Species  \n",
       " setosa    :50  \n",
       " versicolor:50  \n",
       " virginica :50  \n",
       "                \n",
       "                \n",
       "                "
      ]
     },
     "metadata": {},
     "output_type": "display_data"
    }
   ],
   "source": [
    "summary(iris)"
   ]
  },
  {
   "cell_type": "code",
   "execution_count": 4,
   "metadata": {},
   "outputs": [
    {
     "data": {
      "text/html": [
       "<table>\n",
       "<caption>A matrix: 4 × 4 of type dbl</caption>\n",
       "<thead>\n",
       "\t<tr><th></th><th scope=col>Sepal.Length</th><th scope=col>Sepal.Width</th><th scope=col>Petal.Length</th><th scope=col>Petal.Width</th></tr>\n",
       "</thead>\n",
       "<tbody>\n",
       "\t<tr><th scope=row>Sepal.Length</th><td> 0.6856935</td><td>-0.0424340</td><td> 1.2743154</td><td> 0.5162707</td></tr>\n",
       "\t<tr><th scope=row>Sepal.Width</th><td>-0.0424340</td><td> 0.1899794</td><td>-0.3296564</td><td>-0.1216394</td></tr>\n",
       "\t<tr><th scope=row>Petal.Length</th><td> 1.2743154</td><td>-0.3296564</td><td> 3.1162779</td><td> 1.2956094</td></tr>\n",
       "\t<tr><th scope=row>Petal.Width</th><td> 0.5162707</td><td>-0.1216394</td><td> 1.2956094</td><td> 0.5810063</td></tr>\n",
       "</tbody>\n",
       "</table>\n"
      ],
      "text/latex": [
       "A matrix: 4 × 4 of type dbl\n",
       "\\begin{tabular}{r|llll}\n",
       "  & Sepal.Length & Sepal.Width & Petal.Length & Petal.Width\\\\\n",
       "\\hline\n",
       "\tSepal.Length &  0.6856935 & -0.0424340 &  1.2743154 &  0.5162707\\\\\n",
       "\tSepal.Width & -0.0424340 &  0.1899794 & -0.3296564 & -0.1216394\\\\\n",
       "\tPetal.Length &  1.2743154 & -0.3296564 &  3.1162779 &  1.2956094\\\\\n",
       "\tPetal.Width &  0.5162707 & -0.1216394 &  1.2956094 &  0.5810063\\\\\n",
       "\\end{tabular}\n"
      ],
      "text/markdown": [
       "\n",
       "A matrix: 4 × 4 of type dbl\n",
       "\n",
       "| <!--/--> | Sepal.Length | Sepal.Width | Petal.Length | Petal.Width |\n",
       "|---|---|---|---|---|\n",
       "| Sepal.Length |  0.6856935 | -0.0424340 |  1.2743154 |  0.5162707 |\n",
       "| Sepal.Width | -0.0424340 |  0.1899794 | -0.3296564 | -0.1216394 |\n",
       "| Petal.Length |  1.2743154 | -0.3296564 |  3.1162779 |  1.2956094 |\n",
       "| Petal.Width |  0.5162707 | -0.1216394 |  1.2956094 |  0.5810063 |\n",
       "\n"
      ],
      "text/plain": [
       "             Sepal.Length Sepal.Width Petal.Length Petal.Width\n",
       "Sepal.Length  0.6856935   -0.0424340   1.2743154    0.5162707 \n",
       "Sepal.Width  -0.0424340    0.1899794  -0.3296564   -0.1216394 \n",
       "Petal.Length  1.2743154   -0.3296564   3.1162779    1.2956094 \n",
       "Petal.Width   0.5162707   -0.1216394   1.2956094    0.5810063 "
      ]
     },
     "metadata": {},
     "output_type": "display_data"
    }
   ],
   "source": [
    "cov(iris[,1:4]) # Covariance"
   ]
  },
  {
   "cell_type": "code",
   "execution_count": 5,
   "metadata": {},
   "outputs": [
    {
     "data": {
      "text/html": [
       "<table>\n",
       "<caption>A matrix: 4 × 4 of type dbl</caption>\n",
       "<thead>\n",
       "\t<tr><th></th><th scope=col>Sepal.Length</th><th scope=col>Sepal.Width</th><th scope=col>Petal.Length</th><th scope=col>Petal.Width</th></tr>\n",
       "</thead>\n",
       "<tbody>\n",
       "\t<tr><th scope=row>Sepal.Length</th><td> 1.0000000</td><td>-0.1175698</td><td> 0.8717538</td><td> 0.8179411</td></tr>\n",
       "\t<tr><th scope=row>Sepal.Width</th><td>-0.1175698</td><td> 1.0000000</td><td>-0.4284401</td><td>-0.3661259</td></tr>\n",
       "\t<tr><th scope=row>Petal.Length</th><td> 0.8717538</td><td>-0.4284401</td><td> 1.0000000</td><td> 0.9628654</td></tr>\n",
       "\t<tr><th scope=row>Petal.Width</th><td> 0.8179411</td><td>-0.3661259</td><td> 0.9628654</td><td> 1.0000000</td></tr>\n",
       "</tbody>\n",
       "</table>\n"
      ],
      "text/latex": [
       "A matrix: 4 × 4 of type dbl\n",
       "\\begin{tabular}{r|llll}\n",
       "  & Sepal.Length & Sepal.Width & Petal.Length & Petal.Width\\\\\n",
       "\\hline\n",
       "\tSepal.Length &  1.0000000 & -0.1175698 &  0.8717538 &  0.8179411\\\\\n",
       "\tSepal.Width & -0.1175698 &  1.0000000 & -0.4284401 & -0.3661259\\\\\n",
       "\tPetal.Length &  0.8717538 & -0.4284401 &  1.0000000 &  0.9628654\\\\\n",
       "\tPetal.Width &  0.8179411 & -0.3661259 &  0.9628654 &  1.0000000\\\\\n",
       "\\end{tabular}\n"
      ],
      "text/markdown": [
       "\n",
       "A matrix: 4 × 4 of type dbl\n",
       "\n",
       "| <!--/--> | Sepal.Length | Sepal.Width | Petal.Length | Petal.Width |\n",
       "|---|---|---|---|---|\n",
       "| Sepal.Length |  1.0000000 | -0.1175698 |  0.8717538 |  0.8179411 |\n",
       "| Sepal.Width | -0.1175698 |  1.0000000 | -0.4284401 | -0.3661259 |\n",
       "| Petal.Length |  0.8717538 | -0.4284401 |  1.0000000 |  0.9628654 |\n",
       "| Petal.Width |  0.8179411 | -0.3661259 |  0.9628654 |  1.0000000 |\n",
       "\n"
      ],
      "text/plain": [
       "             Sepal.Length Sepal.Width Petal.Length Petal.Width\n",
       "Sepal.Length  1.0000000   -0.1175698   0.8717538    0.8179411 \n",
       "Sepal.Width  -0.1175698    1.0000000  -0.4284401   -0.3661259 \n",
       "Petal.Length  0.8717538   -0.4284401   1.0000000    0.9628654 \n",
       "Petal.Width   0.8179411   -0.3661259   0.9628654    1.0000000 "
      ]
     },
     "metadata": {},
     "output_type": "display_data"
    }
   ],
   "source": [
    "cor(iris[,1:4]) # Correlation"
   ]
  },
  {
   "cell_type": "code",
   "execution_count": null,
   "metadata": {},
   "outputs": [],
   "source": []
  }
 ],
 "metadata": {
  "kernelspec": {
   "display_name": "R",
   "language": "R",
   "name": "ir"
  },
  "language_info": {
   "codemirror_mode": "r",
   "file_extension": ".r",
   "mimetype": "text/x-r-source",
   "name": "R",
   "pygments_lexer": "r",
   "version": "3.5.1"
  }
 },
 "nbformat": 4,
 "nbformat_minor": 2
}
